[869, 133],
[868, 133],
[867, 133],
[866, 133],
[865, 133],
[864, 133],
[863, 133],
[862, 133],
[861, 133],
[860, 133],
[859, 133],
[858, 133],
[857, 133],
[856, 133],
[855, 133],
[854, 133],
[853, 133],
[852, 133],
[851, 133],
[850, 133],
[849, 133],
[848, 133],
[847, 133],
[846, 133],
[845, 132],
[844, 132],
[843, 132],
[842, 132],
[841, 132],
[840, 132],
[839, 132],
[838, 132],
[837, 132],
[836, 132],
[835, 132],
[834, 132],
[833, 132],
[832, 132],
[831, 132],
[830, 132],
[829, 132],
[828, 132],
[827, 132],
[826, 131],
[825, 131],
[824, 131],
[823, 131],
[822, 131],
[821, 131],
[820, 131],
[819, 131],
[818, 131],
[817, 131],
[816, 131],
[815, 131],
[814, 130],
[813, 130],
[812, 130],
[811, 130],
[810, 130],
[809, 130],
[808, 130],
[807, 130],
[806, 130],
[805, 130],
[804, 129],
[803, 129],
[802, 129],
[801, 129],
[800, 129],
[799, 129],
[798, 129],
[797, 129],
[796, 128],
[795, 128],
[794, 128],
[793, 128],
[792, 128],
[791, 128],
[790, 127],
[789, 127],
[788, 127],
[787, 127],
[786, 127],
[785, 127],
[784, 127],
[783, 126],
[782, 126],
[781, 126],
[780, 126],
[779, 126],
[778, 126],
[777, 125],
[776, 125],
[775, 125],
[774, 125],
[773, 125],
[772, 124],
[771, 124],
[770, 124],
[769, 124],
[768, 124],
[767, 123],
[766, 123],
[765, 123],
[764, 123],
[763, 123],
[762, 122],
[761, 122],
[760, 122],
[759, 122],
[758, 122],
[757, 121],
[756, 121],
[755, 121],
[754, 121],
[753, 120],
[752, 120],
[751, 120],
[750, 120],
[749, 119],
[748, 119],
[747, 119],
[746, 119],
[745, 118],
[744, 118],
[743, 118],
[742, 118],
[741, 117],
[740, 117],
[739, 117],
[738, 117],
[737, 116],
[736, 116],
[735, 116],
[734, 116],
[733, 115],
[732, 115],
[731, 115],
[730, 114],
[729, 114],
[728, 114],
[727, 113],
[726, 113],
[725, 113],
[724, 112],
[723, 112],
[722, 112],
[721, 112],
[720, 111],
[719, 111],
[718, 111],
[717, 110],
[716, 110],
[715, 110],
[714, 109],
[713, 109],
[712, 109],
[711, 108],
[710, 108],
[709, 108],
[708, 107],
[707, 107],
[706, 107],
[705, 106],
[704, 106],
[703, 105],
[702, 105],
[701, 105],
[700, 104],
[699, 104],
[698, 104],
[697, 103],
[696, 103],
[695, 103],
[694, 102],
[693, 102],
[692, 101],
[691, 101],
[690, 100],
[689, 100],
[688, 99],
[687, 99],
[686, 99],
[685, 98],
[684, 98],
[683, 97],
[682, 97],
[681, 96],
[680, 96],
[679, 95],
[678, 95],
[677, 95],
[676, 94],
[675, 93],
[674, 93],
[673, 92],
[672, 92],
[671, 91],
[670, 91],
[669, 90],
[668, 90],
[667, 89],
[666, 88],
[665, 88],
[664, 87],
[663, 87],
[662, 86],
[661, 85],
[660, 85],
[659, 84],
[658, 83],
[657, 83],
[656, 82],
[655, 81],
[654, 80],
[653, 80],
[652, 79],
[651, 78],
[650, 77],
[649, 76],
[648, 75],
[647, 75],
[646, 74],
[645, 73],
[644, 72],
[643, 71],
[642, 70],
[641, 69],
[640, 68],
[639, 67],
[638, 66],
[637, 65],
[636, 64],
[635, 63],
[634, 61],
[633, 60],
[632, 59],
[631, 58],
[630, 57],
[629, 55],
[628, 54],
[627, 53],
[626, 51],
[625, 50],
[624, 49],
[623, 47],
[622, 46],
[621, 44],
[620, 43],
[619, 41],
[618, 40],
[617, 38],
[616, 37],
[615, 35],
[614, 33],
[613, 32],
[612, 30],
[611, 29],
[610, 27],
[609, 25],
[608, 24],
[607, 22],
[606, 21],
[605, 19],
[604, 17],
[603, 16],
[602, 14],
[601, 13],
[600, 11],
[599, 10],
[598, 8],
[597, 6],
[596, 5],
[595, 3],
[594, 2],
[593, 1],
[592, -1],
[591, -2],
[590, -4],
[589, -5],
[588, -7],
[587, -8],
[586, -9],
[585, -11],
[584, -12],
[583, -13],
[582, -15],
[581, -16],
[580, -17],
[579, -18],
[578, -20],
[577, -21],
[576, -22],
[575, -23],
[574, -25],
[573, -26],
[572, -27],
[571, -28],
[570, -29],
[569, -30],
[568, -32],
[567, -33],
[566, -34],
[565, -35],
[564, -36],
[563, -37],
[562, -38],
[561, -39],
[560, -40],
[559, -41],
[558, -43],
[557, -44],
[556, -45],
[555, -46],
[554, -47],
[553, -48],
[552, -49],
[551, -50],
[550, -51],
[549, -52],
[548, -53],
[547, -54],
[546, -55],
[545, -55],
[544, -56],
[543, -57],
[542, -58],
[541, -59],
[540, -60],
[539, -61],
[538, -62],
[537, -63],
[536, -64],
[535, -65],
[534, -66],
[533, -66],
[532, -67],
[531, -68],
[530, -69],
[529, -70],
[528, -70],
[527, -71],
[526, -72],
[525, -73],
[524, -74],
[523, -75],
[522, -75],
[521, -76],
[520, -77],
[519, -78],
[518, -79],
[517, -79],
[516, -80],
[515, -81],
[514, -82],
[513, -82],
[512, -83],
[511, -84],
[510, -85],
[509, -85],
[508, -86],
[507, -87],
[506, -87],
[505, -88],
[504, -89],
[503, -90],
[502, -90],
[501, -91],
[500, -92],
[499, -92],
[498, -93],
[497, -94],
[496, -94],
[495, -95],
[494, -96],
[493, -96],
[492, -97],
[491, -98],
[490, -98],
[489, -99],
[488, -99],
[487, -100],
[486, -101],
[485, -101],
[484, -102],
[483, -103],
[482, -103],
[481, -104],
[480, -104],
[479, -105],
[478, -105],
[477, -106],
[476, -107],
[475, -107],
[474, -108],
[473, -108],
[472, -109],
[471, -109],
[470, -110],
[469, -111],
[468, -111],
[467, -112],
[466, -112],
[465, -113],
[464, -113],
[463, -114],
[462, -114],
[461, -115],
[460, -115],
[459, -116],
[458, -116],
[457, -117],
[456, -117],
[455, -118],
[454, -118],
[453, -119],
[452, -119],
[451, -120],
[450, -120],
[449, -121],
[448, -121],
[447, -122],
[446, -122],
[445, -122],
[444, -123],
[443, -123],
[442, -124],
[441, -124],
[440, -125],
[439, -125],
[438, -126],
[437, -126],
[436, -126],
[435, -127],
[434, -127],
[433, -128],
[432, -128],
[431, -128],
[430, -129],
[429, -129],
[428, -130],
[427, -130],
[426, -130],
[425, -131],
[424, -132],
[423, -133],
[422, -134],
[421, -135],
[420, -136],
[419, -137],
[418, -138],
[417, -139],
[416, -140],
[415, -141],
[414, -142],
[413, -143],
[412, -144],
[411, -145],
[410, -146],
[409, -147],
[408, -148],
[407, -149],
[406, -150],
[405, -151],
[404, -152],
[403, -153],
[402, -154],
[401, -155],
[400, -156],
[399, -157],
[398, -158],
[397, -159],
[396, -160],
[395, -161],
[394, -162],
[393, -163],
[392, -164],
[391, -165],
[390, -166],
[389, -167],
[388, -168],
[387, -169],
[386, -170],
